928500163
928500163
1144882315
928500163
2120572483
355184033
935187723
703253338
928500163
355184033
928500163
928500163
320182266
928500163
28306097
928500163
941443943
28306097
1267250195
1037836313
39819212
1927147008
1851873789
355184033
928500163
1545927352
2121032684
1626420496
741543729
265697298
1427662754
278087105
1947725433
1698276132
939847277
928500163
928500163
1821805343
974382412
1549366654
88758136
928500163
1009989420
355184033
1366025585
1934711887
355184033
258803794
195639559
2134962660
1891565088
275503488
960831189
504296781
1144882315
1366025585
1797723216
41917468
900075911
1679031579
701039972
1176148954
1909096456
2040626907
1862527239
247744232
320182266
1958622140
1339766968
1595157673
98048678
461692458
1101707099
260940477
499351004
1696775621
1333645569
1774496542
628565093
1144882315
122172098
2134962660
1549366654
1545927352
63683764
440362678
928500163
1144882315
1512060955
1715613392
2059981875
1241521418
1771729069
961232442
79135237
1306405592
960866272
1280742312
355184033
1144882315
928500163
928500163
628565093
1479352984
1772639164
928500163
901773876
1167392219
196402309
478212692
2134962660
1144882315
536861083
928500163
458385566
299781005
397348048
2121032684
1419599194
34071213
1926477150
2122943258
1215386965
1379147568
480468126
495799069
891893302
1626420496
765203060
1054746715
1244967780
691522398
2134962660
355184033
802832932
928500163
1679031579
2134962660
1445611767
58500695
299165015
2121032684
1549366654
1713201887
1988158407
1527158404
1396989953
947930618
1132559840
635572316
1968038879
2121032684
2110068497
2004453797
1516185858
2081173312
29434960
1084585843
1445133804
1178032884
868794713
956883640
423133290
594038745
1992813822
1536926265
887260079
1780314203
1320244542
1730599196
979565614
1619992387
2070383792
1903586356
1383774321
1062696019
1206811799
1651880552
278087105
2141698332
666936518
883749000
1752530762
2121032684
304288804
1463128933
947930618
355184033
928500163
1970447358
456923671
1144609554
928500163
634468750
902508833
1693205073
355184033
1224765627
1971600413
955754622
856917820
352014324
2121032684
1546861536
1275285947
465720277
2113161158
105365723
777898190
34148134
336548034
928500163
759230635
928500163
1365947713
1486353279
1479711135
928500163
61668819
1984762960
1139320698
640159737
1908493060
800901871
1896764159
456923671
536861083
317442756
1539680579
1004505246
21323448
1954390132
1618417739
2063091571
547147371
627031204
1928838697
1140880443
1549366654
547759590
928500163
551736206
1665867086
774391045
1839678684
1870962207
614909266
79930357
453540693
750414150
1814456515
1339051767
28306097
1479578939
45066383
29407869
1951666458
928500163
2103038289
355184033
1545927352
478248466
373432837
2135749041
273683989
1108253207
495799069
536861083
1898685506
368830744
46220635
1400653299
1907717055
652747480
1817971291
1209841359
928500163
1970169289
928500163
1419260658
832359497
989965709
1316634318
624451285
928500163
1735756098
439982154
1376823001
2118588402
541896672
2135749041
1120316582
2121032684
314215812
1918104188
594038745
262943584
441382082
986246165
1419240763
249161946
708664640
1625702286
1560774324
1987293759
1437787129
44391010
1519833990
1315977139
545994190
1120632329
1680409997
2110068497
347787733
1144882315
781649875
452198644
900075911
258385701
1035130676
828764835
1351531748
667724127
615512278
1752397014
928500163
601292615
1779484499
216444572
999173926
2138740640
506128557
1545927352
53477648
16103948
1137641751
28306097
1144702708
836609668
119296060
1884836296
928500163
843313915
57658589
941692869
1698847149
2121032684
490897057
2135749041
69183337
2031341255
1947557060
1606582104
722646716
928500163
697960676
1012425205
16103948
774508936
1244967780
1132987084
1649928180
1547491854
1425877678
85544347
928500163
1504553973
1920655889
1366082925
928500163
435362154
734884893
2003253590
1480355295
298012639
1026553084
928500163
1244095398
477872762
1939673867
515802630
976320285
440179766
1752397014
1144191308
928500163
325923169
355184033
1665867086
1220308412
531613357
1495138088
1782742714
2008270759
1908493060
39213550
2134492787
1692543165
870466287
751068507
594038745
1519833990
2048254535
1722831585
1712027129
1963663439
1640297383
717354169
749703384
1333683265
762404904
1302046620
971269294
1269167779
2103706643
1252349387
188621263
366789291
1491490036
1643738616
1039734954
546342227
808388766
1049868090
70640499
807409016
413977969
2032519518
594038745
1782742714
200225038
1019054677
1514175305
928500163
189043774
1613691286
1245681720
33617517
352778044
1733216192
1105784425
1354823445
624886793
1752671917
2047515806
1523631465
767713792
778340900
364438121
1266843409
594038745
1705005798
1649537622
265176855
207562717
2097156597
767713792
1339080751
1266235743
28306097
1322064128
1174841234
56123876
1399686023
1280943842
1382340917
1260838304
610603006
2005683589
1106204023
1256311577
143236040
1036529371
300381726
1876235164
1442278128
590262414
1549366654
1936370060
701623801
317648891
2117335922
286605267
355184033
2115776101
801318683
1948109910
1956641106
1852692460
12971996
28306097
1770734695
1970169289
1727050427
59209247
27513042
1677721798
197342741
2009903853
1684097986
284575228
1807052831
538319493
333636432
631539907
44391010
2110068497
1434765987
928500163
1557356857
1123729816
913705797
688186488
1657562921
1197225355
81713004
51753411
249488447
1232212567
254065499
928500163
928500163
793311490
1644656369
674982686
454682619
28306097
604613146
655999215
1249245558
524703133
1101610106
2108194093
184587139
978717354
1665867086
1078268853
1769696999
1295476172
1549366654
1366025585
1873758569
1927489609
440259963
928500163
1427957107
2085830718
730313608
1840567902
282383825
48959696
1123634674
681641044
355184033
594038745
1984402187
1476396144
250556484
207689195
1903661501
53780311
1061508839
1405631833
1161241522
1078819192
834739821
1144882315
795692010
2116720119
542238542
1828970096
400433144
1135886348
1662479779
947930618
1446591173
1144882315
1506029030
1682796993
777924754
1397677602
1241679435
1893265487
1550046195
1746519692
351725280
1486353279
928500163
87165584
973788269
1134071811
1813025555
1949744622
38065628
1780314203
1417660012
786664823
1472332213
861697747
1991183968
1188966227
1183739542
1058644306
2121032684
637280136
928500163
242440158
2068664100
1828372869
1648907825
1695744627
465720277
1095967817
538246506
258803794
580785698
979813477
1814166795
1764011686
836434606
1565220911
100217383
1737024812
873149911
2131671584
2058642063
1252821756
1217243115
2111522464
2047836140
1144882315
1823656735
701039972
1849477137
367705994
1131732249
2101601734
1440212326
928500163
355184033
1132559840
1144882315
594038745
1217243115
28306097
28306097
1229449016
1238537722
892267326
355184033
1500984359
1665867086
1241908452
1549366654
1123031827
1128530253
928500163
1626741826
598230956
1309263617
928500163
2127149777
740246977
1895968441
2134962660
458598816
387860197
2120500055
839915866
487759698
438294544
523130262
1337790013
920979683
1638064476
1561621443
678670822
2012234246
91392118
594038745
679995006
219775943
1550176731
1144882315
1271072717
1405224434
1230444747
928500163
390966651
536861083
2076380920
1074152913
2121032684
1144882315
43393138
1900126789
1014990510
735962829
1255016861
635849430
1665867086
1144882315
594038745
1257116815
1808656446
481322854
1782742714
1364722803
928500163
815507393
219775943
355184033
639937742
1486353279
728192699
565741035
2062632554
1425994893
100525226
352427384
1880855040
309421374
1244967780
2112868537
43915822
1752530762
1846756030
558609896
1846869017
917817935
355184033
1774256460
48066018
2015859391
594038745
1944608629
1231346574
2019612534
1364722803
355184033
2003395887
594038745
2041278252
1128509663
164346737
2135749041
764738889
1879767729
2032517693
116101784
1460264172
336548034
123828915
928500163
1510006844
609856360
1658402449
1811746137
778340900
278087105
594038745
1144882315
1402675485
2006062088
1620903155
1492709090
1162826719
47875237
594038745
320182266
423803318
1233600438
1176454815
1700138973
1301107228
578493465
2006819517
1944086350
1415186320
2110684571
928500163
1787564784
2071103372
767726264
1249648667
721699483
2078803596
1074079883
2075431071
1070237753
1400908812
424077449
947930618
1564554153
1519833990
804755371
709508550
355184033
113050247
1879129965
2097199615
1784106051
802256548
1903661501
624399498
48716725
928500163
795692010
928500163
2100665204
1661360536
1144882315
28306097
987512876
242440158
928500163
1074393981
480511298
1246847967
419610189
1244967780
336548034
1752530762
1760033726
1003101129
1958361637
1549366654
1932376262
513210732
629348047
144827855
38469875
1524693493
1158958335
594038745
1296865544
278243113
1244967780
804755371
134148019
928500163
234726680
320182266
1496169298
870344051
1323884130
552659427
278087105
1262322371
1491748242
641630299
395215098
928500163
383456659
1309340252
767726264
1357653576
1383782616
1360779025
717354169
1122362774
1454693656
1427055843
624399498
886647339
574303151
868427726
1433665652
1599539858
737816632
1997662944
1471155622
354889729
98640848
1788837969
1352236116
928500163
142743293
777898190
1988363377
1584843323
1367980539
410764423
28306097
2053979732
1554928831
446039537
238782826
841390668
48959696
1274485789
928500163
912191091
1055005511
317906878
879113932
554428405
928400765
50202945
1896764159
161411588
1120002671
865191026
815507393
583740168
868324967
717329958
804755371
1491576054
1174526724
1944608629
804755371
1697009449
492377494
1078268853
1431569683
275702736
1335986954
293758044
873264025
924821513
1769523604
1751014876
632845923
1376823001
1266235743
750922330
674480362
959491250
1060402155
222171123
368241569
989828483
1367899690
1913063203
1439980513
258803794
2080024382
615645297
928500163
1760870931
185196227
90793558
2003253590
883749000
596366137
208852547
536861083
355184033
139115930
1943792867
947930618
1370386024
2084403664
1938274344
1380703876
320106970
315360775
1494792547
1939098319
1665867086
115480856
28306097
1323469433
28306097
989828483
1787504965
1628368151
928500163
287496695
1932701329
1302741665
926341583
756058540
687100583
782374422
1589385162
513019866
247149522
285490461
1988363377
373437833
1523480289
717354169
278087105
1979412105
594038745
1436985285
901803520
928500163
111394187
594038745
1250587844
701039972
184930262
602567403
655616618
928500163
928500163
1321600462
